20
20
4.843150764172128
0.45931883228095927
0.06795224818799123
1.1130454313497204
0.5257925149577416
0.10452619978673194
0.48538681615749474
0.32171562146072324
0.3882822944044435
0.2474401731264468
-1.0110691849676778
0.8631299013688747
-0.069010186737116
1.351461589639151
-0.9869841240729416
0.5458454618819505
0.7439668653831719
0.3535891351925678
0.13331748725188228
0.6538516361221532
0.45931883228095916
4.455725702420359
0.20084212963260545
0.6942454927381727
-0.7465176987807259
1.0693786458903012
-0.3859915139943362
-1.1778254442828255
0.006251671357577602
-0.6302656029880851
-1.12799322576767
0.29605504449701614
-0.1486789471064278
-0.28439885209373056
0.10579320070769024
-0.4222639083099446
-0.5188015909845257
0.8656302178832345
0.17579553236523413
-0.8524246482418507
0.06795224818799132
0.2008421296326056
4.400236721802785
-0.16077730474952445
0.8166189996777479
-0.4763271418387761
-0.3601836492087138
-1.167321136492332
0.6585915372732934
-0.5806922499896663
-0.2750395667098309
-1.2679771086857525
-0.029965105136675795
-0.7511098642415444
-0.464832270301462
0.493315841082643
0.007373140739201103
0.8774172033977812
0.27999676814918495
-0.8571022208269871
1.1130454313497207
0.6942454927381727
-0.16077730474952442
6.673466833533552
-0.01202480570010589
0.0073293906850190075
0.29096720312651425
-0.9991152735164743
-0.26501141464744943
-1.7427569644052732
-0.1091833708932746
0.9373117047494346
-0.4253989780034549
0.06289245130488001
-0.11773500705181439
-0.390304553678364
-0.6885407987341404
-0.43732564715110855
0.07144238927581004
-0.6699280818117885
0.5257925149577417
-0.746517698780726
0.816618999677748
-0.01202480570010594
4.860130664214842
0.24676943043750804
1.143126084688011
-1.0766895953390316
-0.12050980625219955
-0.15047574789172177
0.5416114695640434
-0.24102984011311096
0.18281271125686663
-0.16357592200149357
0.1706212406769869
0.23300282371327333
0.2010910570442886
0.34530976525892887
0.7709654568157407
0.382387795122583
0.10452619978673201
1.0693786458903012
-0.47632714183877617
0.007329390685018952
0.2467694304375081
4.342937056850097
-0.5137484339267274
0.4895831070101089
0.6106817461434629
0.1752351355206561
0.3668808180831333
0.5153959724448199
1.1877963187309466
0.055209792946910786
0.10355962415417828
0.9971889589774071
0.34468023230745304
-0.17442478070348066
0.17246157421784833
-0.24279483756552664
0.48538681615749457
-0.3859915139943362
-0.3601836492087139
0.2909672031265143
1.143126084688011
-0.5137484339267275
5.8101534677374875
-0.29888209944944527
0.24603360135471536
-0.07456984633814553
-0.7065243914118265
-0.7450180289429813
-0.2578627512361126
0.48743274358464567
-0.42447199250773565
0.9414054278938886
-0.585274730175603
0.005115115101551268
0.1194830893028943
1.0420424966336637
0.32171562146072297
-1.1778254442828255
-1.167321136492332
-0.9991152735164742
-1.0766895953390316
0.4895831070101089
-0.29888209944944527
5.428438236253884
0.7781677755267198
0.800784958067666
-0.07862072769904924
0.2283309212961201
0.6157277683111878
0.6174567682211947
-0.5396618331053972
-0.4592502955798887
0.09425445955676579
0.9446057811180333
-0.30262890142368565
0.19630507071518127
0.3882822944044437
0.006251671357577628
0.6585915372732934
-0.2650114146474493
-0.12050980625219951
0.6106817461434629
0.24603360135471541
0.7781677755267196
4.674250045316831
1.212257386531055
-0.3750483645278612
-0.3691627195420828
0.9567765561501463
0.020326224581685495
-0.561378105789457
-1.3148306047413378
-0.16335867183173206
0.6071061866760143
-0.42002250929655244
0.13562054244495886
0.24744017312644676
-0.6302656029880851
-0.5806922499896662
-1.742756964405273
-0.15047574789172194
0.17523513552065617
-0.07456984633814538
0.800784958067666
1.2122573865310553
5.197086566291902
-0.384877015723465
-0.04527320404922302
0.6325419467221147
0.3785783174306678
0.9840959680254594
0.051547905051619304
-0.562645539146333
-0.8015509045328595
0.2029281840940488
-0.07886573607098932
-1.0110691849676776
-1.1279932257676701
-0.2750395667098307
-0.10918337089327487
0.5416114695640435
0.3668808180831333
-0.7065243914118264
-0.07862072769904928
-0.37504836452786133
-0.384877015723465
5.9463137792204375
-0.02867753797793028
-0.1995711138673791
-0.4762832158019947
1.0193677047033705
-0.02110927809890218
-0.003122448987360456
0.610175952065382
-0.7355088990028608
0.37825682342286887
0.8631299013688745
0.2960550444970162
-1.2679771086857525
0.9373117047494346
-0.2410298401131109
0.5153959724448199
-0.7450180289429813
0.2283309212961203
-0.36916271954208285
-0.04527320404922307
-0.028677537977930143
6.8746642778845395
-0.27414933205424624
-1.2696302297912625
0.16372252084416575
-0.2543169693654323
-0.2394965611781016
0.4055027811693069
0.366053453587765
-0.26457285515652895
-0.069010186737116
-0.14867894710642784
-0.02996510513667575
-0.42539897800345466
0.18281271125686663
1.1877963187309466
-0.2578627512361125
0.6157277683111876
0.9567765561501463
0.6325419467221146
-0.1995711138673792
-0.27414933205424624
6.1327666569929695
-0.24114584315418075
0.4739215870893962
0.5013130516930479
-0.6328227901554802
0.351089565488351
0.385581983719144
-0.8088341286803103
1.351461589639151
-0.2843988520937306
-0.7511098642415446
0.06289245130488004
-0.16357592200149362
0.05520979294691087
0.48743274358464567
0.6174567682211947
0.02032622458168551
0.3785783174306677
-0.4762832158019948
-1.2696302297912625
-0.2411458431541805
5.963777337365382
-0.1779334956228353
0.6817169417323901
-0.703684025074656
0.6557882965230173
0.16128053708813983
-0.3773275394850562
-0.9869841240729414
0.1057932007076903
-0.464832270301462
-0.11773500705181447
0.17062124067698692
0.10355962415417834
-0.4244719925077357
-0.5396618331053973
-0.561378105789457
0.9840959680254593
1.0193677047033705
0.1637225208441659
0.4739215870893963
-0.17793349562283559
5.054208498624932
-0.7709263574819727
0.12785464619675932
-0.37289536883939445
0.5502446681485943
-0.6139885366424855
0.5458454618819505
-0.4222639083099445
0.493315841082643
-0.390304553678364
0.2330028237132733
0.9971889589774069
0.9414054278938886
-0.4592502955798887
-1.3148306047413376
0.05154790505161935
-0.021109278098902236
-0.2543169693654324
0.5013130516930477
0.6817169417323903
-0.7709263574819728
6.209789497599356
0.508109667199357
0.5746256874336938
0.2892865188643334
-1.226013489414674
0.7439668653831719
-0.5188015909845257
0.007373140739201065
-0.6885407987341405
0.20109105704428862
0.34468023230745304
-0.585274730175603
0.09425445955676588
-0.1633586718317321
-0.5626455391463331
-0.0031224489873603726
-0.2394965611781015
-0.6328227901554803
-0.7036840250746561
0.12785464619675926
0.508109667199357
5.277715744683533
0.053354709359605484
0.322632783079648
0.837866467867907
0.35358913519256796
0.8656302178832346
0.877417203397781
-0.43732564715110867
0.3453097652589288
-0.1744247807034807
0.005115115101551296
0.9446057811180334
0.6071061866760142
-0.8015509045328597
0.6101759520653818
0.4055027811693069
0.3510895654883508
0.6557882965230174
-0.37289536883939445
0.5746256874336937
0.053354709359605505
6.454033526100921
-0.2987944936779888
-0.6557681648097098
0.1333174872518822
0.1757955323652341
0.2799967681491847
0.07144238927581008
0.7709654568157406
0.17246157421784838
0.1194830893028943
-0.30262890142368576
-0.42002250929655255
0.20292818409404892
-0.7355088990028609
0.3660534535877652
0.385581983719144
0.16128053708813983
0.550244668148594
0.28928651886433354
0.32263278307964793
-0.2987944936779888
6.796239123318732
1.2055421265238557
0.6538516361221532
-0.8524246482418508
-0.8571022208269873
-0.6699280818117885
0.382387795122583
-0.24279483756552664
1.0420424966336637
0.1963050707151814
0.13562054244495872
-0.0788657360709895
0.378256823422869
-0.2645728551565289
-0.8088341286803103
-0.37732753948505615
-0.6139885366424855
-1.2260134894146741
0.837866467867907
-0.6557681648097096
1.2055421265238557
4.604915499615322
end